120.26 5.6529e+03
123.91 5.7809e+03
127.51 5.9712e+03
131.05 6.1105e+03
134.55 6.1785e+03
138.00 6.3568e+03
141.40 6.5094e+03
144.75 6.6127e+03
148.06 6.7798e+03
151.32 6.8617e+03
154.54 7.0109e+03
157.72 7.1055e+03
160.86 7.1823e+03
163.95 7.2019e+03
167.01 7.2954e+03
170.03 7.4366e+03
173.01 7.5446e+03
175.96 7.5961e+03
178.87 7.6297e+03
181.75 7.7609e+03
184.59 7.8409e+03
187.41 7.9362e+03
190.19 8.0062e+03
192.94 8.1057e+03
195.66 8.1826e+03
198.36 8.1915e+03
201.03 8.3227e+03
203.67 8.3321e+03
206.28 8.4112e+03
208.87 8.5352e+03
211.44 8.6010e+03
213.98 8.6349e+03
216.50 8.6733e+03
219.00 8.7360e+03
221.48 8.9115e+03
223.94 8.8919e+03
226.37 8.9430e+03
228.79 9.0088e+03
231.19 9.0747e+03
233.58 9.1238e+03
235.94 9.2084e+03
238.29 9.3213e+03
240.63 9.3707e+03
242.95 9.4058e+03
245.25 9.4634e+03
247.54 9.5152e+03
249.82 9.4865e+03
252.09 9.6660e+03
254.34 9.6324e+03
256.58 9.6952e+03
258.81 9.7455e+03
261.03 9.7846e+03
263.23 9.8608e+03
265.43 9.9215e+03
267.62 9.9429e+03
269.80 9.9831e+03
271.97 1.0039e+04
274.13 1.0104e+04
276.28 1.0100e+04
278.42 1.0169e+04
280.56 1.0265e+04
282.69 1.0276e+04
284.81 1.0301e+04
286.93 1.0374e+04
289.04 1.0377e+04
291.14 1.0425e+04
293.24 1.0429e+04
295.33 1.0555e+04
297.42 1.0497e+04
299.50 1.0558e+04
301.57 1.0612e+04
303.64 1.0670e+04
305.71 1.0742e+04
307.77 1.0767e+04
309.82 1.0812e+04
311.87 1.0873e+04
313.91 1.0919e+04
315.95 1.0908e+04
317.99 1.1020e+04
320.02 1.0963e+04
322.04 1.1030e+04
324.06 1.1076e+04
326.08 1.1100e+04
328.09 1.1154e+04
330.09 1.1219e+04
332.09 1.1278e+04
334.09 1.1317e+04
336.08 1.1342e+04
338.06 1.1390e+04
340.04 1.1404e+04
342.01 1.1434e+04
343.97 1.1404e+04
345.93 1.1474e+04
347.88 1.1522e+04
349.83 1.1586e+04
351.77 1.1552e+04
353.70 1.1637e+04
355.62 1.1649e+04
357.53 1.1697e+04
359.44 1.1744e+04
361.34 1.1764e+04
363.23 1.1844e+04
365.10 1.1875e+04
366.97 1.1881e+04
368.83 1.1914e+04
370.68 1.1892e+04
372.51 1.1949e+04
374.34 1.1922e+04
376.15 1.2013e+04
377.95 1.2001e+04
379.73 1.2037e+04
381.51 1.2043e+04
383.26 1.2014e+04
385.01 1.2058e+04
386.73 1.2145e+04
388.44 1.2078e+04
390.14 1.2188e+04
391.82 1.2208e+04
393.47 1.2156e+04
395.11 1.2199e+04
396.73 1.2300e+04
398.34 1.2381e+04
399.92 1.2482e+04
