# AUTO-GENERATED FILE -- DO NOT EDIT SPOTS BY HAND
# Generator: scripts/04_generate_topas_plan.py
# Source: /Users/jiangzhenmin/Desktop/PLAN1699/plan_parsed/low_statistics_selected_spots.csv
# Spots / active layers: 265 / 53
# Allocated relative-weight histories: 15000
# Energy conversion: TOPAS total kinetic MeV = DICOM MeV/u * A(12)
# Coordinate mapping: local X = IEC Y; local Y = IEC X (signs preserved)
# Spot-size conversion: TOPAS sigma = DICOM FWHM / 2.354820045
# Energy spread = 0 and angular distribution = None are explicit
# uncommissioned placeholders inherited from beam/beam_model.txt.
# MRF4 geometry is not included; see beam/MRF4.txt.

includeFile = beam/beam_model.txt

s:Tf/PlanSpotLocalX/Function = "Step"
dv:Tf/PlanSpotLocalX/Times = 265 1. 2. 3. 4. 5. 6. 7. 8. 9. 10. 11. 12. 13. 14. 15. 16. 17. 18. 19. 20. 21. 22. 23. 24. 25. 26. 27. 28. 29. 30. 31. 32. 33. 34. 35. 36. 37. 38. 39. 40. 41. 42. 43. 44. 45. 46. 47. 48. 49. 50. 51. 52. 53. 54. 55. 56. 57. 58. 59. 60. 61. 62. 63. 64. 65. 66. 67. 68. 69. 70. 71. 72. 73. 74. 75. 76. 77. 78. 79. 80. 81. 82. 83. 84. 85. 86. 87. 88. 89. 90. 91. 92. 93. 94. 95. 96. 97. 98. 99. 100. 101. 102. 103. 104. 105. 106. 107. 108. 109. 110. 111. 112. 113. 114. 115. 116. 117. 118. 119. 120. 121. 122. 123. 124. 125. 126. 127. 128. 129. 130. 131. 132. 133. 134. 135. 136. 137. 138. 139. 140. 141. 142. 143. 144. 145. 146. 147. 148. 149. 150. 151. 152. 153. 154. 155. 156. 157. 158. 159. 160. 161. 162. 163. 164. 165. 166. 167. 168. 169. 170. 171. 172. 173. 174. 175. 176. 177. 178. 179. 180. 181. 182. 183. 184. 185. 186. 187. 188. 189. 190. 191. 192. 193. 194. 195. 196. 197. 198. 199. 200. 201. 202. 203. 204. 205. 206. 207. 208. 209. 210. 211. 212. 213. 214. 215. 216. 217. 218. 219. 220. 221. 222. 223. 224. 225. 226. 227. 228. 229. 230. 231. 232. 233. 234. 235. 236. 237. 238. 239. 240. 241. 242. 243. 244. 245. 246. 247. 248. 249. 250. 251. 252. 253. 254. 255. 256. 257. 258. 259. 260. 261. 262. 263. 264. 265. s
dv:Tf/PlanSpotLocalX/Values = 265 0 25 -2 -57 58 1 7 10 -57 58 3 -9 24 -57 58 3 -3 -8 -57 58 -2 -5 16 -57 58 -1 -15 -10 -57 56 -2 -5 4 -57 58 -2 -5 -6 -57 58 -3 9 14 -57 58 1 -5 8 -57 58 3 -3 12 -57 58 0 -3 4 -57 57 -2 5 -4 -57 58 -1 -3 -16 -57 57 0 5 0 -57 58 1 7 0 -57 58 -1 -3 6 -57 58 -1 -7 -2 -57 58 -2 1 4 -57 58 -1 1 -14 -57 58 1 -7 2 -56 58 2 -5 8 -57 58 -3 1 2 -57 58 0 -5 0 -57 58 1 -3 -2 -57 57 -1 -3 6 -57 58 3 -3 0 -57 58 1 -3 -2 -57 58 -2 -3 0 -57 58 3 -3 -4 -56 58 1 -3 -8 -56 58 -2 -3 0 -56 58 1 3 0 -56 58 0 3 4 -56 58 0 3 -2 -56 56 3 1 0 -57 56 2 5 -4 -56 55 -3 3 0 -56 56 -3 3 -4 -57 56 -3 3 -2 -57 56 -1 3 -2 -57 56 1 3 -2 -57 57 0 3 -2 -57 57 0 -1 -2 -57 57 0 -1 4 -57 57 1 -1 -4 -57 57 -1 -1 -2 -57 57 0 1 2 -56 57 0 -1 -2 -56 55 0 -1 2 -56 55 0 1 -2 -56 57 0 1 -2 -56 57 0 1 -2 -56 57 mm

s:Tf/PlanSpotLocalY/Function = "Step"
dv:Tf/PlanSpotLocalY/Times = 265 1. 2. 3. 4. 5. 6. 7. 8. 9. 10. 11. 12. 13. 14. 15. 16. 17. 18. 19. 20. 21. 22. 23. 24. 25. 26. 27. 28. 29. 30. 31. 32. 33. 34. 35. 36. 37. 38. 39. 40. 41. 42. 43. 44. 45. 46. 47. 48. 49. 50. 51. 52. 53. 54. 55. 56. 57. 58. 59. 60. 61. 62. 63. 64. 65. 66. 67. 68. 69. 70. 71. 72. 73. 74. 75. 76. 77. 78. 79. 80. 81. 82. 83. 84. 85. 86. 87. 88. 89. 90. 91. 92. 93. 94. 95. 96. 97. 98. 99. 100. 101. 102. 103. 104. 105. 106. 107. 108. 109. 110. 111. 112. 113. 114. 115. 116. 117. 118. 119. 120. 121. 122. 123. 124. 125. 126. 127. 128. 129. 130. 131. 132. 133. 134. 135. 136. 137. 138. 139. 140. 141. 142. 143. 144. 145. 146. 147. 148. 149. 150. 151. 152. 153. 154. 155. 156. 157. 158. 159. 160. 161. 162. 163. 164. 165. 166. 167. 168. 169. 170. 171. 172. 173. 174. 175. 176. 177. 178. 179. 180. 181. 182. 183. 184. 185. 186. 187. 188. 189. 190. 191. 192. 193. 194. 195. 196. 197. 198. 199. 200. 201. 202. 203. 204. 205. 206. 207. 208. 209. 210. 211. 212. 213. 214. 215. 216. 217. 218. 219. 220. 221. 222. 223. 224. 225. 226. 227. 228. 229. 230. 231. 232. 233. 234. 235. 236. 237. 238. 239. 240. 241. 242. 243. 244. 245. 246. 247. 248. 249. 250. 251. 252. 253. 254. 255. 256. 257. 258. 259. 260. 261. 262. 263. 264. 265. s
dv:Tf/PlanSpotLocalY/Values = 265 0.8999999762 -56.29999924 56.29999924 -0.8999999762 25.10000038 2.599999905 -56.29999924 56.29999924 -4.300000191 -54.59999847 2.599999905 -56.29999924 56.29999924 2.599999905 -2.599999905 2.599999905 -56.29999924 56.29999924 -25.10000038 0.8999999762 -2.599999905 -56.29999924 56.29999924 -25.10000038 11.30000019 -0.8999999762 -56.29999924 56.29999924 23.39999962 -6.099999905 0.8999999762 -56.29999924 56.29999924 -28.60000038 -9.5 0.8999999762 -56.29999924 56.29999924 2.599999905 -16.39999962 -0.8999999762 -56.29999924 56.29999924 2.599999905 -16.39999962 -0.8999999762 -56.29999924 56.29999924 37.20000076 7.800000191 -0.8999999762 -56.29999924 56.29999924 6.099999905 21.60000038 0.8999999762 -56.29999924 56.29999924 -4.300000191 2.599999905 0.8999999762 -56.29999924 56.29999924 23.39999962 0.8999999762 -0.8999999762 -56.29999924 56.29999924 2.599999905 2.599999905 -2.599999905 -56.29999924 56.29999924 -4.300000191 -30.29999924 2.599999905 -56.29999924 56.29999924 54.59999847 52.79999924 -4.300000191 -56.29999924 56.29999924 -21.60000038 4.300000191 -0.8999999762 -56.29999924 56.29999924 13 -54.59999847 0.8999999762 -56.29999924 56.29999924 -25.10000038 0.8999999762 2.599999905 -56.29999924 56.29999924 2.599999905 4.300000191 2.599999905 -56.29999924 56.29999924 -6.099999905 -30.29999924 0.8999999762 -56.29999924 56.29999924 9.5 -26.79999924 -0.8999999762 -56.29999924 56.29999924 33.79999924 56.29999924 0.8999999762 -56.29999924 56.29999924 37.20000076 45.90000153 -0.8999999762 -56.29999924 56.29999924 -0.8999999762 26.79999924 -0.8999999762 -56.29999924 56.29999924 19.89999962 42.40000153 -0.8999999762 -56.29999924 56.29999924 23.39999962 14.69999981 -0.8999999762 -56.29999924 56.29999924 40.70000076 7.800000191 0.8999999762 -56.29999924 56.29999924 -35.5 0.8999999762 -0.8999999762 -56.29999924 56.29999924 14.69999981 14.69999981 -0.8999999762 -56.29999924 56.29999924 0.8999999762 0.8999999762 0.8999999762 -56.29999924 56.29999924 -6.099999905 0.8999999762 -0.8999999762 -56.29999924 56.29999924 4.300000191 -2.599999905 0.8999999762 -56.29999924 56.29999924 -13 45.90000153 0.8999999762 -56.29999924 56.29999924 -2.599999905 -40.70000076 -0.8999999762 -56.29999924 56.29999924 51.09999847 -40.70000076 0.8999999762 -56.29999924 56.29999924 4.300000191 -0.8999999762 -0.8999999762 -56.29999924 56.29999924 4.300000191 -51.09999847 -0.8999999762 -56.29999924 56.29999924 -4.300000191 -47.59999847 -0.8999999762 -56.29999924 56.29999924 -4.300000191 0.8999999762 -0.8999999762 -56.29999924 56.29999924 -0.8999999762 -2.599999905 -0.8999999762 -56.29999924 56.29999924 2.599999905 -32 0.8999999762 -56.29999924 56.29999924 -0.8999999762 6.099999905 0.8999999762 -56.29999924 56.29999924 -0.8999999762 2.599999905 0.8999999762 -56.29999924 56.29999924 2.599999905 -0.8999999762 -0.8999999762 -56.29999924 56.29999924 -0.8999999762 -0.8999999762 -0.8999999762 -56.29999924 56.29999924 9.5 -0.8999999762 0.8999999762 -56.29999924 56.29999924 0.8999999762 -52.79999924 0.8999999762 -56.29999924 56.29999924 0.8999999762 -0.8999999762 0.8999999762 -56.29999924 56.29999924 0.8999999762 -0.8999999762 0.8999999762 -56.29999924 56.29999924 0.8999999762 -52.79999924 0.8999999762 -56.29999924 56.29999924 0.8999999762 -52.79999924 0.8999999762 -56.29999924 56.29999924 0.8999999762 -52.79999924 mm

s:Tf/PlanEnergyTotal/Function = "Step"
dv:Tf/PlanEnergyTotal/Times = 265 1. 2. 3. 4. 5. 6. 7. 8. 9. 10. 11. 12. 13. 14. 15. 16. 17. 18. 19. 20. 21. 22. 23. 24. 25. 26. 27. 28. 29. 30. 31. 32. 33. 34. 35. 36. 37. 38. 39. 40. 41. 42. 43. 44. 45. 46. 47. 48. 49. 50. 51. 52. 53. 54. 55. 56. 57. 58. 59. 60. 61. 62. 63. 64. 65. 66. 67. 68. 69. 70. 71. 72. 73. 74. 75. 76. 77. 78. 79. 80. 81. 82. 83. 84. 85. 86. 87. 88. 89. 90. 91. 92. 93. 94. 95. 96. 97. 98. 99. 100. 101. 102. 103. 104. 105. 106. 107. 108. 109. 110. 111. 112. 113. 114. 115. 116. 117. 118. 119. 120. 121. 122. 123. 124. 125. 126. 127. 128. 129. 130. 131. 132. 133. 134. 135. 136. 137. 138. 139. 140. 141. 142. 143. 144. 145. 146. 147. 148. 149. 150. 151. 152. 153. 154. 155. 156. 157. 158. 159. 160. 161. 162. 163. 164. 165. 166. 167. 168. 169. 170. 171. 172. 173. 174. 175. 176. 177. 178. 179. 180. 181. 182. 183. 184. 185. 186. 187. 188. 189. 190. 191. 192. 193. 194. 195. 196. 197. 198. 199. 200. 201. 202. 203. 204. 205. 206. 207. 208. 209. 210. 211. 212. 213. 214. 215. 216. 217. 218. 219. 220. 221. 222. 223. 224. 225. 226. 227. 228. 229. 230. 231. 232. 233. 234. 235. 236. 237. 238. 239. 240. 241. 242. 243. 244. 245. 246. 247. 248. 249. 250. 251. 252. 253. 254. 255. 256. 257. 258. 259. 260. 261. 262. 263. 264. 265. s
dv:Tf/PlanEnergyTotal/Values = 265 1443.12 1443.12 1443.12 1443.12 1443.12 1486.92 1486.92 1486.92 1486.92 1486.92 1530.12 1530.12 1530.12 1530.12 1530.12 1614.6 1614.6 1614.6 1614.6 1614.6 1656 1656 1656 1656 1656 1696.8 1696.8 1696.8 1696.8 1696.8 1737 1737 1737 1737 1737 1776.72 1776.72 1776.72 1776.72 1776.72 1815.84 1815.84 1815.84 1815.84 1815.84 1854.48 1854.48 1854.48 1854.48 1854.48 1892.64 1892.64 1892.64 1892.64 1892.64 1930.32 1930.32 1930.32 1930.32 1930.32 1967.4 1967.4 1967.4 1967.4 1967.4 2004.12 2004.12 2004.12 2004.12 2004.12 2040.36 2040.36 2040.36 2040.36 2040.36 2076.12 2076.12 2076.12 2076.12 2076.12 2111.52 2111.52 2111.52 2111.52 2111.52 2146.44 2146.44 2146.44 2146.44 2146.44 2181 2181 2181 2181 2181 2215.08 2215.08 2215.08 2215.08 2215.08 2248.92 2248.92 2248.92 2248.92 2248.92 2282.28 2282.28 2282.28 2282.28 2282.28 2315.28 2315.28 2315.28 2315.28 2315.28 2347.92 2347.92 2347.92 2347.92 2347.92 2380.32 2380.32 2380.32 2380.32 2380.32 2412.36 2412.36 2412.36 2412.36 2412.36 2444.04 2444.04 2444.04 2444.04 2444.04 2475.36 2475.36 2475.36 2475.36 2475.36 2506.44 2506.44 2506.44 2506.44 2506.44 2537.28 2537.28 2537.28 2537.28 2537.28 2567.76 2567.76 2567.76 2567.76 2567.76 2598 2598 2598 2598 2598 2628 2628 2628 2628 2628 2657.76 2657.76 2657.76 2657.76 2657.76 2687.28 2687.28 2687.28 2687.28 2687.28 2716.44 2716.44 2716.44 2716.44 2716.44 2745.48 2745.48 2745.48 2745.48 2745.48 2774.28 2774.28 2774.28 2774.28 2774.28 2802.96 2802.96 2802.96 2802.96 2802.96 2831.28 2831.28 2831.28 2831.28 2831.28 2859.48 2859.48 2859.48 2859.48 2859.48 2887.56 2887.56 2887.56 2887.56 2887.56 2915.4 2915.4 2915.4 2915.4 2915.4 2943 2943 2943 2943 2943 2970.48 2970.48 2970.48 2970.48 2970.48 2997.84 2997.84 2997.84 2997.84 2997.84 3025.08 3025.08 3025.08 3025.08 3025.08 3052.08 3052.08 3052.08 3052.08 3052.08 3078.96 3078.96 3078.96 3078.96 3078.96 3105.72 3105.72 3105.72 3105.72 3105.72 3132.36 3132.36 3132.36 3132.36 3132.36 3158.76 3158.76 3158.76 3158.76 3158.76 3185.16 3185.16 3185.16 3185.16 3185.16 MeV

s:Tf/PlanSigmaLocalX/Function = "Step"
dv:Tf/PlanSigmaLocalX/Times = 265 1. 2. 3. 4. 5. 6. 7. 8. 9. 10. 11. 12. 13. 14. 15. 16. 17. 18. 19. 20. 21. 22. 23. 24. 25. 26. 27. 28. 29. 30. 31. 32. 33. 34. 35. 36. 37. 38. 39. 40. 41. 42. 43. 44. 45. 46. 47. 48. 49. 50. 51. 52. 53. 54. 55. 56. 57. 58. 59. 60. 61. 62. 63. 64. 65. 66. 67. 68. 69. 70. 71. 72. 73. 74. 75. 76. 77. 78. 79. 80. 81. 82. 83. 84. 85. 86. 87. 88. 89. 90. 91. 92. 93. 94. 95. 96. 97. 98. 99. 100. 101. 102. 103. 104. 105. 106. 107. 108. 109. 110. 111. 112. 113. 114. 115. 116. 117. 118. 119. 120. 121. 122. 123. 124. 125. 126. 127. 128. 129. 130. 131. 132. 133. 134. 135. 136. 137. 138. 139. 140. 141. 142. 143. 144. 145. 146. 147. 148. 149. 150. 151. 152. 153. 154. 155. 156. 157. 158. 159. 160. 161. 162. 163. 164. 165. 166. 167. 168. 169. 170. 171. 172. 173. 174. 175. 176. 177. 178. 179. 180. 181. 182. 183. 184. 185. 186. 187. 188. 189. 190. 191. 192. 193. 194. 195. 196. 197. 198. 199. 200. 201. 202. 203. 204. 205. 206. 207. 208. 209. 210. 211. 212. 213. 214. 215. 216. 217. 218. 219. 220. 221. 222. 223. 224. 225. 226. 227. 228. 229. 230. 231. 232. 233. 234. 235. 236. 237. 238. 239. 240. 241. 242. 243. 244. 245. 246. 247. 248. 249. 250. 251. 252. 253. 254. 255. 256. 257. 258. 259. 260. 261. 262. 263. 264. 265. s
dv:Tf/PlanSigmaLocalX/Values = 265 6.077534301 6.077534301 6.077534301 6.077534301 6.077534301 6.077534301 6.077534301 6.077534301 6.077534301 6.077534301 6.077534301 6.077534301 6.077534301 6.077534301 6.077534301 5.914867958 5.914867958 5.914867958 5.914867958 5.914867958 5.763179225 5.763179225 5.763179225 5.763179225 5.763179225 5.763179225 5.763179225 5.763179225 5.763179225 5.763179225 5.623465993 5.623465993 5.623465993 5.623465993 5.623465993 5.492733779 5.492733779 5.492733779 5.492733779 5.492733779 5.369985907 5.369985907 5.369985907 5.369985907 5.369985907 5.256219054 5.256219054 5.256219054 5.256219054 5.256219054 5.149438247 5.149438247 5.149438247 5.149438247 5.149438247 5.149438247 5.149438247 5.149438247 5.149438247 5.149438247 5.048644785 5.048644785 5.048644785 5.048644785 5.048644785 4.95483737 4.95483737 4.95483737 4.95483737 4.95483737 4.865021518 4.865021518 4.865021518 4.865021518 4.865021518 4.780195526 4.780195526 4.780195526 4.780195526 4.780195526 4.700358989 4.700358989 4.700358989 4.700358989 4.700358989 4.624514825 4.624514825 4.624514825 4.624514825 4.624514825 4.624514825 4.624514825 4.624514825 4.624514825 4.624514825 4.551664333 4.551664333 4.551664333 4.551664333 4.551664333 4.482805406 4.482805406 4.482805406 4.482805406 4.482805406 4.417938447 4.417938447 4.417938447 4.417938447 4.417938447 4.35506727 4.35506727 4.35506727 4.35506727 4.35506727 4.294192279 4.294192279 4.294192279 4.294192279 4.294192279 4.294192279 4.294192279 4.294192279 4.294192279 4.294192279 4.237308853 4.237308853 4.237308853 4.237308853 4.237308853 4.181423722 4.181423722 4.181423722 4.181423722 4.181423722 4.128531859 4.128531859 4.128531859 4.128531859 4.128531859 4.077636587 4.077636587 4.077636587 4.077636587 4.077636587 4.028736693 4.028736693 4.028736693 4.028736693 4.028736693 4.028736693 4.028736693 4.028736693 4.028736693 4.028736693 3.980835094 3.980835094 3.980835094 3.980835094 3.980835094 3.934929278 3.934929278 3.934929278 3.934929278 3.934929278 3.891019243 3.891019243 3.891019243 3.891019243 3.891019243 3.848107099 3.848107099 3.848107099 3.848107099 3.848107099 3.848107099 3.848107099 3.848107099 3.848107099 3.848107099 3.807191141 3.807191141 3.807191141 3.807191141 3.807191141 3.767273075 3.767273075 3.767273075 3.767273075 3.767273075 3.7283529 3.7283529 3.7283529 3.7283529 3.7283529 3.691428506 3.691428506 3.691428506 3.691428506 3.691428506 3.654504113 3.654504113 3.654504113 3.654504113 3.654504113 3.654504113 3.654504113 3.654504113 3.654504113 3.654504113 3.619575906 3.619575906 3.619575906 3.619575906 3.619575906 3.584647699 3.584647699 3.584647699 3.584647699 3.584647699 3.550717383 3.550717383 3.550717383 3.550717383 3.550717383 3.518782849 3.518782849 3.518782849 3.518782849 3.518782849 3.486848315 3.486848315 3.486848315 3.486848315 3.486848315 3.455911672 3.455911672 3.455911672 3.455911672 3.455911672 3.455911672 3.455911672 3.455911672 3.455911672 3.455911672 3.42597292 3.42597292 3.42597292 3.42597292 3.42597292 3.397032464 3.397032464 3.397032464 3.397032464 3.397032464 3.368091805 3.368091805 3.368091805 3.368091805 3.368091805 3.340149037 3.340149037 3.340149037 3.340149037 3.340149037 mm

s:Tf/PlanSigmaLocalY/Function = "Step"
dv:Tf/PlanSigmaLocalY/Times = 265 1. 2. 3. 4. 5. 6. 7. 8. 9. 10. 11. 12. 13. 14. 15. 16. 17. 18. 19. 20. 21. 22. 23. 24. 25. 26. 27. 28. 29. 30. 31. 32. 33. 34. 35. 36. 37. 38. 39. 40. 41. 42. 43. 44. 45. 46. 47. 48. 49. 50. 51. 52. 53. 54. 55. 56. 57. 58. 59. 60. 61. 62. 63. 64. 65. 66. 67. 68. 69. 70. 71. 72. 73. 74. 75. 76. 77. 78. 79. 80. 81. 82. 83. 84. 85. 86. 87. 88. 89. 90. 91. 92. 93. 94. 95. 96. 97. 98. 99. 100. 101. 102. 103. 104. 105. 106. 107. 108. 109. 110. 111. 112. 113. 114. 115. 116. 117. 118. 119. 120. 121. 122. 123. 124. 125. 126. 127. 128. 129. 130. 131. 132. 133. 134. 135. 136. 137. 138. 139. 140. 141. 142. 143. 144. 145. 146. 147. 148. 149. 150. 151. 152. 153. 154. 155. 156. 157. 158. 159. 160. 161. 162. 163. 164. 165. 166. 167. 168. 169. 170. 171. 172. 173. 174. 175. 176. 177. 178. 179. 180. 181. 182. 183. 184. 185. 186. 187. 188. 189. 190. 191. 192. 193. 194. 195. 196. 197. 198. 199. 200. 201. 202. 203. 204. 205. 206. 207. 208. 209. 210. 211. 212. 213. 214. 215. 216. 217. 218. 219. 220. 221. 222. 223. 224. 225. 226. 227. 228. 229. 230. 231. 232. 233. 234. 235. 236. 237. 238. 239. 240. 241. 242. 243. 244. 245. 246. 247. 248. 249. 250. 251. 252. 253. 254. 255. 256. 257. 258. 259. 260. 261. 262. 263. 264. 265. s
dv:Tf/PlanSigmaLocalY/Values = 265 6.077534301 6.077534301 6.077534301 6.077534301 6.077534301 6.077534301 6.077534301 6.077534301 6.077534301 6.077534301 6.077534301 6.077534301 6.077534301 6.077534301 6.077534301 5.914867958 5.914867958 5.914867958 5.914867958 5.914867958 5.763179225 5.763179225 5.763179225 5.763179225 5.763179225 5.763179225 5.763179225 5.763179225 5.763179225 5.763179225 5.623465993 5.623465993 5.623465993 5.623465993 5.623465993 5.492733779 5.492733779 5.492733779 5.492733779 5.492733779 5.369985907 5.369985907 5.369985907 5.369985907 5.369985907 5.256219054 5.256219054 5.256219054 5.256219054 5.256219054 5.149438247 5.149438247 5.149438247 5.149438247 5.149438247 5.149438247 5.149438247 5.149438247 5.149438247 5.149438247 5.048644785 5.048644785 5.048644785 5.048644785 5.048644785 4.95483737 4.95483737 4.95483737 4.95483737 4.95483737 4.865021518 4.865021518 4.865021518 4.865021518 4.865021518 4.780195526 4.780195526 4.780195526 4.780195526 4.780195526 4.700358989 4.700358989 4.700358989 4.700358989 4.700358989 4.624514825 4.624514825 4.624514825 4.624514825 4.624514825 4.624514825 4.624514825 4.624514825 4.624514825 4.624514825 4.551664333 4.551664333 4.551664333 4.551664333 4.551664333 4.482805406 4.482805406 4.482805406 4.482805406 4.482805406 4.417938447 4.417938447 4.417938447 4.417938447 4.417938447 4.35506727 4.35506727 4.35506727 4.35506727 4.35506727 4.294192279 4.294192279 4.294192279 4.294192279 4.294192279 4.294192279 4.294192279 4.294192279 4.294192279 4.294192279 4.237308853 4.237308853 4.237308853 4.237308853 4.237308853 4.181423722 4.181423722 4.181423722 4.181423722 4.181423722 4.128531859 4.128531859 4.128531859 4.128531859 4.128531859 4.077636587 4.077636587 4.077636587 4.077636587 4.077636587 4.028736693 4.028736693 4.028736693 4.028736693 4.028736693 4.028736693 4.028736693 4.028736693 4.028736693 4.028736693 3.980835094 3.980835094 3.980835094 3.980835094 3.980835094 3.934929278 3.934929278 3.934929278 3.934929278 3.934929278 3.891019243 3.891019243 3.891019243 3.891019243 3.891019243 3.848107099 3.848107099 3.848107099 3.848107099 3.848107099 3.848107099 3.848107099 3.848107099 3.848107099 3.848107099 3.807191141 3.807191141 3.807191141 3.807191141 3.807191141 3.767273075 3.767273075 3.767273075 3.767273075 3.767273075 3.7283529 3.7283529 3.7283529 3.7283529 3.7283529 3.691428506 3.691428506 3.691428506 3.691428506 3.691428506 3.654504113 3.654504113 3.654504113 3.654504113 3.654504113 3.654504113 3.654504113 3.654504113 3.654504113 3.654504113 3.619575906 3.619575906 3.619575906 3.619575906 3.619575906 3.584647699 3.584647699 3.584647699 3.584647699 3.584647699 3.550717383 3.550717383 3.550717383 3.550717383 3.550717383 3.518782849 3.518782849 3.518782849 3.518782849 3.518782849 3.486848315 3.486848315 3.486848315 3.486848315 3.486848315 3.455911672 3.455911672 3.455911672 3.455911672 3.455911672 3.455911672 3.455911672 3.455911672 3.455911672 3.455911672 3.42597292 3.42597292 3.42597292 3.42597292 3.42597292 3.397032464 3.397032464 3.397032464 3.397032464 3.397032464 3.368091805 3.368091805 3.368091805 3.368091805 3.368091805 3.340149037 3.340149037 3.340149037 3.340149037 3.340149037 mm

s:Tf/PlanHistories/Function = "Step"
dv:Tf/PlanHistories/Times = 265 1. 2. 3. 4. 5. 6. 7. 8. 9. 10. 11. 12. 13. 14. 15. 16. 17. 18. 19. 20. 21. 22. 23. 24. 25. 26. 27. 28. 29. 30. 31. 32. 33. 34. 35. 36. 37. 38. 39. 40. 41. 42. 43. 44. 45. 46. 47. 48. 49. 50. 51. 52. 53. 54. 55. 56. 57. 58. 59. 60. 61. 62. 63. 64. 65. 66. 67. 68. 69. 70. 71. 72. 73. 74. 75. 76. 77. 78. 79. 80. 81. 82. 83. 84. 85. 86. 87. 88. 89. 90. 91. 92. 93. 94. 95. 96. 97. 98. 99. 100. 101. 102. 103. 104. 105. 106. 107. 108. 109. 110. 111. 112. 113. 114. 115. 116. 117. 118. 119. 120. 121. 122. 123. 124. 125. 126. 127. 128. 129. 130. 131. 132. 133. 134. 135. 136. 137. 138. 139. 140. 141. 142. 143. 144. 145. 146. 147. 148. 149. 150. 151. 152. 153. 154. 155. 156. 157. 158. 159. 160. 161. 162. 163. 164. 165. 166. 167. 168. 169. 170. 171. 172. 173. 174. 175. 176. 177. 178. 179. 180. 181. 182. 183. 184. 185. 186. 187. 188. 189. 190. 191. 192. 193. 194. 195. 196. 197. 198. 199. 200. 201. 202. 203. 204. 205. 206. 207. 208. 209. 210. 211. 212. 213. 214. 215. 216. 217. 218. 219. 220. 221. 222. 223. 224. 225. 226. 227. 228. 229. 230. 231. 232. 233. 234. 235. 236. 237. 238. 239. 240. 241. 242. 243. 244. 245. 246. 247. 248. 249. 250. 251. 252. 253. 254. 255. 256. 257. 258. 259. 260. 261. 262. 263. 264. 265. s
iv:Tf/PlanHistories/Values = 265 27 27 27 27 27 27 27 27 27 27 32 32 32 32 32 32 32 32 32 32 20 20 20 20 20 17 17 17 17 17 21 21 21 21 21 22 22 22 22 22 22 22 22 22 22 22 22 22 22 22 24 24 24 24 24 23 23 23 23 23 22 22 22 22 22 24 24 24 24 24 24 24 24 24 24 25 25 25 25 25 25 25 25 25 25 26 26 26 26 26 27 27 27 27 27 27 27 27 27 27 28 28 28 28 28 29 29 29 29 29 30 30 30 30 30 30 30 30 30 30 31 31 31 31 31 33 33 33 33 33 34 34 34 34 34 35 35 35 35 35 37 37 37 37 37 38 38 38 38 38 40 40 40 40 40 41 41 41 41 41 42 42 42 42 42 44 44 44 44 44 47 47 47 47 47 49 49 49 49 49 51 51 51 51 51 54 54 54 54 54 56 56 56 56 56 59 59 59 59 59 62 62 62 62 62 66 66 66 66 66 69 69 69 69 69 79 79 79 79 79 91 91 91 91 91 88 88 88 88 88 80 80 80 80 80 147 147 147 147 147 212 212 212 212 212 252 252 252 252 252 206 206 206 206 206 182 182 182 182 182 169 169 169 169 169

d:Ge/PlanSpotPosition/TransX = Tf/PlanSpotLocalX/Value mm
d:Ge/PlanSpotPosition/TransY = Tf/PlanSpotLocalY/Value mm
d:So/PlanCarbonBeam/BeamEnergy = Tf/PlanEnergyTotal/Value MeV
d:So/PlanCarbonBeam/BeamPositionSpreadX = Tf/PlanSigmaLocalX/Value mm
d:So/PlanCarbonBeam/BeamPositionSpreadY = Tf/PlanSigmaLocalY/Value mm
i:So/PlanCarbonBeam/NumberOfHistoriesInRun = Tf/PlanHistories/Value

d:Tf/TimelineStart = 0. s
d:Tf/TimelineEnd = 265. s
i:Tf/NumberOfSequentialTimes = 265
i:Tf/Verbosity = 0
