120.26
123.91
127.51
131.05
134.55
138
141.4
144.75
148.06
151.32
154.54
157.72
160.86
163.95
167.01
170.03
173.01
175.96
178.87
181.75
184.59
187.41
190.19
192.94
195.66
198.36
201.03
203.67
206.28
208.87
211.44
213.98
216.5
219
221.48
223.94
226.37
228.79
231.19
233.58
235.94
238.29
240.63
242.95
245.25
247.54
249.82
252.09
254.34
256.58
258.81
261.03
263.23
265.43
267.62
269.8
271.97
274.13
276.28
278.42
280.56
282.69
284.81
286.93
289.04
291.14
293.24
295.33
297.42
299.5
301.57
303.64
305.71
307.77
309.82
311.87
313.91
315.95
317.99
320.02
322.04
324.06
326.08
328.09
330.09
332.09
334.09
336.08
338.06
340.04
342.01
343.97
345.93
347.88
349.83
351.77
353.7
355.62
357.53
359.44
361.34
363.23
365.1
366.97
368.83
370.68
372.51
374.34
376.15
377.95
379.73
381.51
383.26
385.01
386.73
388.44
390.14
391.82
393.47
395.11
396.73
398.34
399.92
