120.26 5.0357e+03
123.91 5.2843e+03
127.51 5.5440e+03
131.05 5.7080e+03
134.55 5.8386e+03
138.00 5.9524e+03
141.40 6.0503e+03
144.75 6.1675e+03
148.06 6.2602e+03
151.32 6.4062e+03
154.54 6.4783e+03
157.72 6.5769e+03
160.86 6.6746e+03
163.95 6.7814e+03
167.01 6.8995e+03
170.03 6.9525e+03
173.01 7.0503e+03
175.96 7.1357e+03
178.87 7.2205e+03
181.75 7.2958e+03
184.59 7.3763e+03
187.41 7.4543e+03
190.19 7.4857e+03
192.94 7.5962e+03
195.66 7.6537e+03
198.36 7.7320e+03
201.03 7.8198e+03
203.67 7.8464e+03
206.28 7.9368e+03
208.87 8.0242e+03
211.44 8.0486e+03
213.98 8.1505e+03
216.50 8.1589e+03
219.00 8.2444e+03
221.48 8.3042e+03
223.94 8.3601e+03
226.37 8.3796e+03
228.79 8.4456e+03
231.19 8.5341e+03
233.58 8.5752e+03
235.94 8.5883e+03
238.29 8.6320e+03
240.63 8.7317e+03
242.95 8.7471e+03
245.25 8.8367e+03
247.54 8.9163e+03
249.82 8.9418e+03
252.09 8.9432e+03
254.34 9.0434e+03
256.58 9.0991e+03
258.81 9.1258e+03
261.03 9.1481e+03
263.23 9.2264e+03
265.43 9.2631e+03
267.62 9.2945e+03
269.80 9.3243e+03
271.97 9.3948e+03
274.13 9.4360e+03
276.28 9.4771e+03
278.42 9.4998e+03
280.56 9.5661e+03
282.69 9.6018e+03
284.81 9.6384e+03
286.93 9.6728e+03
289.04 9.7336e+03
291.14 9.7493e+03
293.24 9.8192e+03
295.33 9.8163e+03
297.42 9.8755e+03
299.50 9.9496e+03
301.57 9.9767e+03
303.64 1.0045e+04
305.71 1.0057e+04
307.77 1.0026e+04
309.82 1.0096e+04
311.87 1.0164e+04
313.91 1.0207e+04
315.95 1.0226e+04
317.99 1.0279e+04
320.02 1.0299e+04
322.04 1.0320e+04
324.06 1.0410e+04
326.08 1.0425e+04
328.09 1.0401e+04
330.09 1.0472e+04
332.09 1.0510e+04
334.09 1.0560e+04
336.08 1.0572e+04
338.06 1.0604e+04
340.04 1.0598e+04
342.01 1.0613e+04
343.97 1.0646e+04
345.93 1.0741e+04
347.88 1.0748e+04
349.83 1.0788e+04
351.77 1.0804e+04
353.70 1.0811e+04
355.62 1.0911e+04
357.53 1.0861e+04
359.44 1.0930e+04
361.34 1.1015e+04
363.23 1.1011e+04
365.10 1.1069e+04
366.97 1.1075e+04
368.83 1.1089e+04
370.68 1.1072e+04
372.51 1.1132e+04
374.34 1.1216e+04
376.15 1.1166e+04
377.95 1.1164e+04
379.73 1.1205e+04
381.51 1.1238e+04
383.26 1.1281e+04
385.01 1.1250e+04
386.73 1.1244e+04
388.44 1.1283e+04
390.14 1.1353e+04
391.82 1.1361e+04
393.47 1.1351e+04
395.11 1.1362e+04
396.73 1.1395e+04
398.34 1.1411e+04
399.92 1.1468e+04
