120.26000
123.91000
127.51000
131.05000
134.55000
138.00000
141.40000
144.75000
148.06000
151.32000
154.54000
157.72000
160.86000
163.95000
167.01000
170.03000
173.01000
175.96000
178.87000
181.75000
184.59000
187.41000
190.19000
192.94000
195.66000
198.36000
201.03000
203.67000
206.28000
208.87000
211.44000
213.98000
216.50000
219.00000
221.48000
223.94000
226.37000
228.79000
231.19000
233.58000
235.94000
238.29000
240.63000
242.95000
245.25000
247.54000
249.82000
252.09000
254.34000
256.58000
258.81000
261.03000
263.23000
265.43000
267.62000
269.80000
271.97000
274.13000
276.28000
278.42000
280.56000
282.69000
284.81000
286.93000
289.04000
291.14000
293.24000
295.33000
297.42000
299.50000
301.57000
303.64000
305.71000
307.77000
309.82000
311.87000
313.91000
315.95000
317.99000
320.02000
322.04000
324.06000
326.08000
328.09000
330.09000
332.09000
334.09000
336.08000
338.06000
340.04000
342.01000
343.97000
345.93000
347.88000
349.83000
351.77000
353.70000
355.62000
357.53000
359.44000
361.34000
363.23000
365.10000
366.97000
368.83000
370.68000
372.51000
374.34000
376.15000
377.95000
379.73000
381.51000
383.26000
385.01000
386.73000
388.44000
390.14000
391.82000
393.47000
395.11000
396.73000
398.34000
399.92000
