300 150 0 -150 -300
120.26	10.61 	10.87 	12.27 	12.45 	14.20 	14.60 	16.38 	16.51 	18.51 	18.60 
123.91	9.62 	9.37 	11.60 	11.58 	13.40 	13.60 	15.54 	15.55 	17.57 	17.74 
127.51	9.31 	9.20 	11.08 	11.18 	13.20 	13.20 	15.09 	15.10 	17.32 	17.12 
131.05	9.22 	8.98 	10.94 	10.94 	12.90 	13.00 	14.72 	14.74 	16.59 	16.79 
134.55	9.19 	8.80 	10.82 	10.72 	12.70 	12.70 	14.51 	14.52 	16.38 	16.23 
138	9.04 	8.80 	10.66 	10.68 	12.40 	12.60 	14.15 	14.39 	15.79 	16.05 
141.4	9.80 	8.50 	11.11 	10.37 	12.50 	12.20 	14.10 	13.82 	15.65 	15.61 
144.75	9.40 	8.50 	10.71 	10.31 	12.20 	12.00 	13.74 	13.69 	15.47 	15.29 
148.06	8.74 	8.20 	10.34 	10.09 	11.80 	11.70 	13.50 	13.51 	14.88 	15.08 
151.32	8.40 	7.98 	9.90 	9.75 	11.37 	11.50 	12.96 	13.26 	14.64 	14.85 
154.54	8.63 	7.99 	10.09 	9.69 	11.35 	11.28 	12.92 	12.88 	14.58 	14.40 
157.72	8.41 	7.94 	9.66 	9.58 	11.17 	11.19 	12.77 	12.81 	14.42 	14.29 
160.86	8.17 	7.83 	9.65 	9.49 	10.96 	11.06 	12.60 	12.70 	13.86 	14.12 
163.95	7.98 	7.99 	9.37 	9.56 	11.04 	10.95 	12.40 	12.66 	13.78 	14.11 
167.01	9.04 	7.95 	9.88 	9.52 	10.65 	10.86 	12.42 	12.54 	13.64 	13.97 
170.03	8.45 	7.91 	9.51 	9.43 	10.72 	10.90 	11.93 	12.33 	13.46 	13.86 
173.01	8.56 	7.84 	9.69 	9.36 	10.73 	10.76 	11.94 	12.21 	13.18 	13.58 
175.96	7.50 	7.26 	8.68 	8.74 	10.05 	10.22 	11.52 	11.74 	12.87 	13.13 
178.87	8.25 	7.18 	9.36 	8.69 	10.25 	10.14 	11.49 	11.58 	12.74 	13.04 
181.75	7.77 	7.23 	8.76 	8.71 	10.07 	10.21 	11.35 	11.63 	12.60 	12.85 
184.59	8.29 	7.19 	8.95 	8.61 	10.04 	9.99 	11.19 	11.34 	12.55 	12.77 
187.41	7.28 	7.36 	8.67 	8.68 	9.88 	9.94 	11.36 	11.25 	12.84 	12.67 
190.19	6.79 	7.01 	8.22 	8.38 	9.49 	9.67 	11.06 	11.04 	12.60 	12.43 
192.94	6.64 	6.85 	8.14 	8.28 	9.44 	9.54 	10.98 	10.85 	12.55 	12.26 
195.66	6.67 	6.70 	8.13 	8.09 	9.48 	9.33 	11.03 	10.70 	12.52 	12.07 
198.36	6.50 	6.72 	7.84 	8.05 	9.26 	9.31 	10.84 	10.71 	12.44 	12.05 
201.03	6.37 	6.72 	7.80 	8.06 	9.05 	9.24 	10.55 	10.59 	11.93 	11.85 
203.67	6.61 	6.96 	8.05 	8.23 	9.25 	9.31 	10.82 	10.63 	12.25 	11.88 
206.28	6.53 	7.23 	7.88 	8.43 	9.18 	9.56 	10.77 	10.78 	12.16 	12.03 
208.87	6.63 	6.91 	8.07 	8.05 	9.39 	9.14 	10.97 	10.46 	12.31 	11.67 
211.44	6.39 	6.91 	7.82 	8.03 	9.12 	9.16 	10.79 	10.49 	12.02 	11.68 
213.98	6.20 	6.92 	7.59 	8.04 	9.01 	9.18 	10.43 	10.42 	11.90 	11.60 
216.5	6.07 	6.90 	7.43 	7.99 	8.69 	9.12 	10.12 	10.34 	11.40 	11.46 
219	7.26 	6.75 	8.03 	7.96 	8.81 	9.05 	9.70 	10.25 	10.78 	11.43 
221.48	7.36 	6.74 	7.87 	7.89 	8.68 	8.96 	9.61 	10.13 	10.69 	11.33 
223.94	7.52 	6.24 	7.88 	7.46 	8.60 	8.53 	9.59 	9.81 	10.62 	10.94 
226.37	6.87 	6.56 	7.45 	7.70 	8.28 	8.69 	9.32 	9.94 	10.37 	11.01
228.79	5.98 	6.40 	7.25 	7.54 	8.43 	8.51 	9.86 	9.75 	11.16 	10.86 
231.19	5.76 	6.07 	6.91 	7.23 	8.15 	8.30 	9.48 	9.45 	10.69 	10.60 
233.58	5.62 	5.78 	6.75 	7.02 	7.98 	8.05 	9.30 	9.19 	10.51 	10.40 
235.94	5.58 	5.70 	6.66 	6.79 	7.86 	7.92 	9.22 	9.02 	10.50 	10.18 
238.29	5.44 	5.49 	6.56 	6.66 	7.80 	7.74 	9.08 	8.90 	10.33 	10.01 
240.63	5.39 	5.54 	6.54 	6.67 	7.64 	7.72 	8.87 	8.87 	10.19 	10.01 
242.95	5.42 	5.42 	6.64 	6.52 	7.83 	7.62 	9.22 	8.75 	10.42 	9.85 
245.25	5.40 	5.90 	6.56 	7.02 	7.82 	8.03 	9.00 	9.10 	10.34 	10.22 
247.54	5.32 	5.83 	6.42 	6.94 	7.50 	7.89 	8.81 	9.04 	10.01 	10.14 
249.82	5.30 	5.70 	6.48 	6.87 	7.72 	7.84 	8.98 	8.88 	10.09 	9.96 
252.09	5.27 	5.67 	6.49 	6.73 	7.62 	7.68 	8.97 	8.81 	10.25 	9.87 
254.34	5.22 	5.52 	6.44 	6.59 	7.59 	7.54 	8.84 	8.71 	10.00 	9.70 
256.58	5.04 	5.42 	6.20 	6.59 	7.36 	7.51 	8.61 	8.60 	9.82 	9.64 
258.81	5.02 	5.53 	6.22 	6.58 	7.32 	7.50 	8.60 	8.58 	9.75 	9.61 
261.03	5.20 	5.51 	6.39 	6.54 	7.51 	7.47 	8.88 	8.63 	10.17 	9.59 
263.23	5.02 	5.39 	6.19 	6.39 	7.33 	7.34 	8.62 	8.39 	9.81 	9.44 
265.43	4.99 	5.27 	5.99 	6.32 	7.09 	7.23 	8.30 	8.23 	9.56 	9.32 
267.62	4.97 	5.31 	6.03 	6.37 	7.11 	7.24 	8.39 	8.35 	9.58 	9.35 
269.8	4.93 	5.23 	6.01 	6.24 	7.03 	7.15 	8.32 	8.19 	9.54 	9.19 
271.97	4.94 	5.14 	5.87 	6.18 	6.99 	7.02 	8.27 	8.11 	9.43 	9.11 
274.13	4.98 	5.02 	5.87 	6.02 	6.91 	6.88 	8.16 	7.91 	9.32 	8.94 
276.28	4.93 	4.91 	5.84 	5.92 	6.93 	6.81 	8.10 	7.80 	9.27 	8.77 
278.42	4.91 	4.79 	5.83 	5.81 	6.92 	6.70 	8.16 	7.74 	9.28 	8.64 
280.56	4.90 	4.74 	5.79 	5.77 	6.77 	6.62 	8.00 	7.65 	9.18 	8.55 
282.69	4.78 	4.68 	5.79 	5.66 	6.70 	6.55 	7.98 	7.50 	9.12 	8.59 
284.81	4.90 	4.72 	5.79 	5.60 	6.87 	6.51 	8.03 	7.48 	9.19 	8.40 
286.93	4.75 	4.66 	5.78 	5.66 	6.79 	6.45 	8.08 	7.51 	9.17 	8.40 
289.04	4.79 	4.66 	5.69 	5.53 	6.76 	6.35 	7.96 	7.33 	9.03 	8.25 
291.14	4.86 	4.54 	5.62 	5.45 	6.54 	6.33 	7.61 	7.24 	8.68 	8.18 
293.24	4.85 	4.54 	5.60 	5.44 	6.49 	6.31 	7.59 	7.22 	8.60 	8.16 
295.33	5.00 	4.54 	5.63 	5.50 	6.45 	6.31 	7.41 	7.27 	8.41 	8.15 
297.42	5.33 	4.48 	5.93 	5.47 	6.51 	6.29 	7.34 	7.18 	8.25 	8.10 
299.5	4.89 	4.51 	5.59 	5.39 	6.42 	6.11 	7.40 	7.10 	8.41 	7.96 
301.57	4.88 	4.48 	5.58 	5.37 	6.28 	6.10 	7.32 	7.07 	8.30 	7.96 
303.64	5.29 	4.43 	5.65 	5.27 	6.27 	6.07 	7.17 	6.91 	8.16 	7.97 
305.71	4.89 	4.43 	5.41 	5.31 	6.25 	6.21 	7.19 	7.07 	8.26 	7.94 
307.77	4.67 	4.35 	5.36 	5.25 	6.25 	6.04 	7.32 	6.87 	8.39 	7.87 
309.82	4.71 	4.42 	5.37 	5.26 	6.16 	6.02 	7.28 	6.92 	8.26 	7.80 
311.87	4.69 	4.33 	5.35 	5.22 	6.14 	6.01 	7.16 	6.85 	8.15 	7.76 
313.91	4.68 	4.41 	5.31 	5.22 	6.10 	5.89 	7.14 	6.87 	8.15 	7.74 
315.95	4.76 	4.42 	5.35 	5.30 	6.07 	5.98 	7.07 	6.92 	7.94 	7.76 
317.99	4.70 	4.45 	5.33 	5.33 	6.07 	6.03 	7.01 	6.96 	7.97 	7.81 
320.02	4.51 	4.48 	5.28 	5.34 	6.05 	6.03 	7.11 	6.92 	8.16 	7.82 
322.04	4.75 	4.42 	5.30 	5.20 	6.04 	5.95 	6.89 	6.76 	7.83 	7.67 
324.06	4.37 	4.47 	5.30 	5.31 	6.15 	6.02 	7.32 	6.88 	8.34 	7.67 
326.08	4.82 	4.41 	5.29 	5.18 	6.00 	5.92 	6.84 	6.73 	7.70 	7.54 
328.09	4.38 	4.56 	5.18 	5.31 	6.05 	6.00 	7.13 	6.87 	8.16 	7.70 
330.09	4.38 	4.54 	5.18 	5.36 	6.06 	6.05 	7.14 	6.86 	8.16 	7.74 
332.09	4.32 	4.44 	5.14 	5.26 	6.08 	5.98 	7.23 	6.81 	8.24 	7.61 
334.09	4.32 	4.53 	5.04 	5.26 	5.89 	5.97 	6.93 	6.80 	7.97 	7.64 
336.08	4.33 	4.43 	5.11 	5.25 	5.92 	5.90 	6.98 	6.73 	8.03 	7.50 
338.06	4.32 	4.42 	5.11 	5.15 	6.05 	5.87 	7.08 	6.66 	8.13 	7.48 
340.04	4.23 	4.23 	5.12 	5.13 	6.02 	5.78 	7.08 	6.63 	8.09 	7.39 
342.01	4.30 	4.36 	5.00 	5.12 	5.81 	5.83 	6.79 	6.63 	7.80 	7.44 
343.97	4.47 	4.13 	5.02 	4.99 	5.71 	5.67 	6.62 	6.45 	7.60 	7.29 
345.93	4.88 	4.14 	5.17 	4.91 	5.69 	5.56 	6.50 	6.42 	7.37 	7.25 
347.88	4.47 	4.15 	5.00 	4.99 	5.67 	5.64 	6.63 	6.43 	7.57 	7.22 
349.83	4.37 	4.21 	4.96 	4.99 	5.65 	5.64 	6.62 	6.41 	7.58 	7.25 
351.77	4.30 	4.42 	4.94 	5.10 	5.69 	5.74 	6.67 	6.56 	7.63 	7.32 
353.7	4.20 	4.33 	4.97 	5.15 	5.79 	5.77 	6.86 	6.52 	7.81 	7.30 
355.62	4.21 	4.31 	4.93 	5.08 	5.64 	5.72 	6.62 	6.46 	7.59 	7.25 
357.53	4.33 	4.38 	4.92 	5.07 	5.62 	5.70 	6.55 	6.45 	7.47 	7.23 
359.44	4.58 	4.18 	4.96 	4.89 	5.60 	5.59 	6.42 	6.27 	7.32 	7.11 
361.34	4.32 	4.30 	4.90 	5.05 	5.58 	5.66 	6.49 	6.37 	7.43 	7.09 
363.23	4.47 	4.27 	4.97 	5.00 	5.58 	5.65 	6.41 	6.42 	7.25 	7.14 
365.1	4.18 	4.25 	4.90 	5.02 	5.62 	5.58 	6.54 	6.27 	7.49 	7.09 
366.97	4.28 	4.37 	4.81 	5.05 	5.58 	5.66 	6.48 	6.39 	7.38 	7.15 
368.83	4.14 	4.54 	4.79 	5.19 	5.61 	5.84 	6.54 	6.51 	7.55 	7.31 
370.68	4.17 	4.47 	4.80 	5.14 	5.57 	5.75 	6.46 	6.46 	7.37 	7.20 
372.51	4.87 	4.19 	5.22 	4.96 	5.59 	5.54 	6.24 	6.27 	6.98 	7.05 
374.34	4.26 	4.50 	4.76 	5.14 	5.42 	5.74 	6.33 	6.45 	7.34 	7.20 
376.15	4.28 	4.28 	4.77 	4.93 	5.42 	5.60 	6.33 	6.28 	7.27 	7.01 
377.95	4.47 	4.23 	4.88 	4.90 	5.36 	5.50 	6.18 	6.26 	6.97 	6.92 
379.73	4.36 	4.25 	4.78 	4.87 	5.39 	5.59 	6.17 	6.26 	6.93 	6.95 
381.51	4.75 	4.30 	5.04 	5.02 	5.42 	5.67 	6.11 	6.31 	6.87 	6.96 
383.26	4.59 	4.10 	4.92 	4.84 	5.40 	5.49 	6.07 	6.06 	6.86 	6.82 
385.01	4.67 	4.07 	4.96 	4.83 	5.37 	5.39 	6.07 	6.10 	6.82 	6.78 
386.73	4.33 	4.05 	4.77 	4.76 	5.32 	5.37 	6.06 	6.04 	6.86 	6.78 
388.44	4.78 	4.09 	4.96 	4.77 	5.36 	5.35 	6.05 	6.06 	6.69 	6.77 
390.14	4.76 	4.00 	5.10 	4.72 	5.37 	5.26 	6.04 	5.93 	6.69 	6.64 
391.82	4.47 	4.28 	4.83 	4.97 	5.35 	5.56 	6.06 	6.21 	6.77 	6.83 
393.47	4.41 	4.24 	4.77 	4.88 	5.34 	5.47 	6.04 	6.10 	6.82 	6.75 
395.11	4.86 	3.91 	5.07 	4.66 	5.36 	5.22 	6.02 	5.91 	6.65 	6.58 
396.73	4.75 	3.90 	5.03 	4.65 	5.35 	5.22 	6.03 	5.88 	6.66 	6.57 
398.34	4.65 	4.10 	4.92 	4.75 	5.33 	5.35 	6.00 	5.99 	6.67 	6.71 
399.92	4.76 	4.26 	4.91 	4.85 	5.34 	5.47 	6.02 	6.12 	6.78 	6.81 
